rowLabel	nucl_t1	nucl_t2	f0_min	f0_max	f0_median	f0_mean	f0_meanST	f0_start	f0_end	lopitch	hipitch	hipitchST	dynamic	intrasyllab	intersyllab	up	down	trajectory	f0_discont	prnp_start	prnp_end	prnp_intra	nucl_dur	syll_dur	vowel_dur	rhyme_dur	gap_left	loudness	int_peak	promL2D_nucldur	hesitation	speaker_id	before_pause	after_pause	pause_dur	onset_dur
2.501	2.5006632653061223	2.550663265306121	224	236	234	232	94.36	234	234	234	234	94.45	0	0	0	0	0	0	0	53	53	0	0.049999999999998934	0	0	0	2.5007	0	57.9	0	0	1	0	1	0	0
2.711	2.7106632653061222	2.775663265306121	162	169	166	166	88.59	166	166	166	166	88.6	0	0	-5.85	0	0	0	0	18	18	0	0.06499999999999861	0	0	0	0.16	0	59.4	0	0	1	0	0	0	0
2.901	2.900663265306122	2.9906632653061203	145	150	148	148	86.52	148	148	148	148	86.53	0	0	-1.97	0	0	0	0	6	6	0	0.08999999999999808	0	0	0	0.125	0	51.9	0	0	1	1	0	0.965	0
3.956	3.9556632653061223	3.975663265306122	206	210	209	208	92.49	209	209	209	209	92.56	0	0	6.05	0	0	0	0	41	41	0	0.019999999999999574	0	0	0	0.965	0	60	0	0	1	0	1	0	0
4.116	4.1156632653061225	4.170663265306121	149	171	158	159	87.77	158	158	158	158	87.71	0	0	-4.77	0	0	0	0	13	13	0	0.05499999999999883	0	0	0	0.14	0	59.3	0	0	1	0	0	0	0
4.356	4.355663265306123	4.450663265306121	202	348	234	250	95.65	202	348	202	348	101.32	1	9.36	4.32	9.36	0	9.36	0	38	93	55	0.09499999999999797	0	0	0	0.185	0	64.8	0	0	1	1	0	0.815	0
5.266	5.265663265306123	5.315663265306122	145	155	151	151	86.91	151	151	151	151	86.96	0	0	-14.35	0	0	0	0	8	8	0	0.049999999999998934	0	0	0	0.815	0	62	0	0	1	0	1	0	0
5.481	5.480663265306123	5.540663265306121	207	218	215	214	92.95	215	215	215	215	93.02	0	0	6.16	0	0	0	0	44	44	0	0.05999999999999872	0	0	0	0.165	0	65.2	0	0	1	0	0	0	0
5.596	5.595663265306123	5.620663265306122	151	184	167	166	88.6	167	167	167	167	88.7	0	0	-4.28	0	0	0	0	18	18	0	0.024999999999999467	0	0	0	0.055	0	59.2	0	0	1	0	0	0	0
5.661	5.660663265306122	5.685663265306122	140	146	144	143	85.99	144	144	144	144	86.06	0	0	-2.55	0	0	0	0	3	3	0	0.024999999999999467	0	0	0	0.04	0	62.3	0	0	1	1	0	2.13	0
7.816	7.815663265306123	7.835663265306122	246	250	250	249	95.55	250	250	250	250	95.6	0	0	9.56	0	0	0	0	59	59	0	0.019999999999999574	0	0	0	2.13	0	64.5	0	0	1	0	1	0	0
7.896	7.895663265306123	7.970663265306121	222	242	240	239	94.83	240	240	240	240	94.91	0	0	-0.68	0	0	0	0	55	55	0	0.0749999999999984	0	0	0	0.06	0	67.7	0	0	1	0	0	0	0
8.071	8.070663265306123	8.150663265306136	170	192	183	182	90.14	170	192	170	192	91.07	1	2.13	-5.94	2.13	0	2.13	0	20	33	12	0.0800000000000125	0	0	0	0.1	0	67.5	0	0	1	1	0	1.155	0
9.306	9.305663265306123	9.340663265306128	147	165	162	160	87.96	162	162	162	162	88.09	0	0	-2.92	0	0	0	0	15	15	0	0.03500000000000547	0	0	0	1.155	0	60.2	0	0	1	0	1	0	0
9.451	9.450663265306122	9.505663265306131	154	164	156	157	87.6	156	156	156	156	87.5	0	0	-0.58	0	0	0	0	11	11	0	0.0550000000000086	0	0	0	0.11	0	64.5	0	0	1	0	0	0	0
9.636	9.635663265306123	9.705663265306134	278	449	334	341	100.99	279	449	279	449	105.75	1	8.21	10.11	8.21	0	8.21	0	71	100	48	0.07000000000001094	0	0	0	0.13	0	67.6	0	0	1	1	0	0.985	0
10.691	10.690663265306123	10.745663265306131	226	233	230	230	94.18	230	230	230	230	94.21	0	0	-11.52	0	0	0	0	51	51	0	0.0550000000000086	0	0	0	0.985	0	64.4	0	0	1	0	1	0	0
10.841	10.840663265306123	10.910663265306134	230	245	243	242	95.09	243	243	243	243	95.11	0	0	0.97	0	0	0	0	57	57	0	0.07000000000001094	0	0	0	0.095	0	64.3	0	0	1	0	0	0	0
10.961	10.960663265306122	10.980663265306125	250	254	252	252	95.76	252	252	252	252	95.78	0	0	0.68	0	0	0	0	60	60	0	0.020000000000003126	0	0	0	0.05	0	58.1	0	0	1	0	0	0	0
11.011	11.010663265306123	11.05066326530613	266	323	282	289	98.12	282	282	282	282	97.7	0	0	1.97	0	0	0	0	72	72	0	0.04000000000000625	0	0	0	0.03	0	58.3	0	0	1	1	0	1.315	0
12.366	12.365663265306123	12.380663265306126	168	170	169	169	88.88	169	169	169	169	88.88	0	0	-8.79	0	0	0	0	20	20	0	0.015000000000002345	0	0	0	1.315	0	60.5	0	0	1	0	1	0	0
12.466	12.465663265306123	12.495663265306128	146	153	150	150	86.81	150	150	150	150	86.8	0	0	-2.01	0	0	0	0	7	7	0	0.03000000000000469	0	0	0	0.085	0	54.3	0	0	1	0	0	0	0
12.591	12.590663265306123	12.660663265306134	161	233	192	194	91.21	161	233	161	233	94.38	1	6.34	1.3	6.34	0	6.34	0	15	52	37	0.07000000000001094	0	0	0	0.095	0	67.7	0	0	1	0	0	0	0
12.731	12.730663265306124	12.785663265306132	135	198	150	157	87.64	198	135	135	198	91.56	-1	-6.62	-2.81	0	-6.62	6.62	0	36	0	-40	0.0550000000000086	0	0	0	0.07	0	58.4	0	0	1	1	0	0.44	0
13.226	13.225663265306123	13.285663265306132	155	170	163	163	88.25	163	163	163	163	88.23	0	0	3.3	0	0	0	0	16	16	0	0.06000000000000938	0	0	0	0.44	0	55.2	0	0	1	0	1	0	0
13.501	13.500663265306123	13.580663265306136	144	153	147	148	86.59	147	147	147	147	86.5	0	0	-1.69	0	0	0	0	5	5	0	0.0800000000000125	0	0	0	0.215	0	57.1	0	0	1	1	0	1.92	0
15.501	15.500663265306123	15.555663265306132	269	278	275	275	97.26	275	275	275	275	97.28	0	0	10.88	0	0	0	0	69	69	0	0.0550000000000086	0	0	0	1.92	0	70.2	0	0	1	0	1	0	0
15.616	15.615663265306123	15.735663265306142	220	247	232	234	94.51	232	232	232	232	94.36	0	0	-2.88	0	0	0	0	52	52	0	0.12000000000001876	0	0	0	0.06	0	64.2	0	0	1	0	0	0	0
15.901	15.900663265306124	15.955663265306132	154	171	161	162	88.17	161	161	161	161	88.04	0	0	-6.26	0	0	0	0	15	15	0	0.0550000000000086	0	0	0	0.165	0	61.4	0	0	1	1	0	1.235	0
17.191	17.190663265306124	17.245663265306113	273	330	311	306	99.1	311	311	311	311	99.38	0	0	11.41	0	0	0	0	82	82	0	0.05499999999998906	0	0	0	1.235	0	66	0	0	1	0	1	0	0
17.361	17.360663265306123	17.42566326530611	199	228	219	217	93.17	219	219	219	219	93.3	0	0	-6.07	0	0	0	0	46	46	0	0.06499999999998707	0	0	0	0.115	0	65.3	0	0	1	0	0	0	0
17.506	17.505663265306122	17.56066326530611	143	155	146	147	86.48	146	146	146	146	86.39	0	0	-6.91	0	0	0	0	5	5	0	0.05499999999998906	0	0	0	0.08	0	65.1	0	0	1	1	0	2.136	0
